18638
2795
5 11 83 17
5 7 57 3
1 7 87 2
7 7 66 6
5 7 5 76
4 7 17 80
8 6 59 42
4 7 88 44
8 6 11 12
8 9 51 12
7 7 73 10
6 6 47 37
3 7 83 39
1 7 60 31
4 6 2 22
1 7 63 19
3 7 58 19
5 6 83 63
6 6 41 24
3 6 64 95
2 6 3 2
6 6 72 89
4 6 57 63
7 6 5 78
1 6 65 66
6 7 76 67
1 6 96 86
2 7 86 63
8 6 71 27
4 6 78 62
6 6 38 69
2 6 25 67
5 6 49 71
8 6 57 72
7 6 61 69
6 6 93 4
4 6 15 92
4 6 58 69
2 5 36 65
3 8 81 66
3 5 46 40
3 6 60 38
3 5 30 39
1 8 42 36
2 5 54 19
7 7 68 20
6 5 11 25
8 6 29 39
2 6 63 25
8 6 92 25
5 5 31 31
5 6 58 33
6 5 35 16
7 5 16 23
6 6 92 25
2 5 80 76
3 5 31 25
6 6 62 28
6 5 18 22
1 7 42 21
3 5 93 92
6 5 49 7
5 5 60 88
5 5 26 22
6 5 46 17
6 5 50 60
3 5 77 50
8 5 66 91
1 5 66 82
7 5 1 92
6 5 4 7
7 5 15 65
6 6 35 66
7 5 72 8
8 8 73 6
5 5 67 30
3 5 25 66
2 5 34 2
8 5 30 59
3 5 35 65
6 6 81 69
7 6 40 66
5 5 24 67
7 5 51 94
3 5 89 53
2 6 99 48
3 5 94 74
3 5 31 60
5 5 92 30
3 5 4 28
4 5 78 83
8 5 61 74
8 5 33 70
2 5 69 80
7 6 78 80
3 5 14 38
4 5 30 51
3 5 19 29
2 5 22 59
4 5 3 7
4 5 41 58
5 6 39 59
4 7 75 56
3 6 79 56
4 5 82 84
5 5 12 73
4 5 85 61
6 5 57 56
7 5 43 90
1 5 66 96
2 5 42 30
8 5 18 50
4 5 90 54
3 5 80 73
1 5 82 93
6 4 38 8
2 6 81 8
1 4 39 82
8 6 66 84
6 6 90 86
5 4 64 35
7 5 64 36
4 5 62 35
7 7 75 37
5 4 6 8
3 6 47 9
8 6 67 10
5 4 21 32
3 6 23 28
4 5 4 9
6 4 64 89
2 5 75 90
5 6 76 91
4 5 72 87
5 4 56 62
6 6 89 60
7 4 23 57
1 6 44 54
3 6 36 59
6 6 60 55
1 4 29 33
5 8 47 34
7 5 69 55
2 4 20 94
7 5 38 32
4 4 50 54
5 7 56 53
8 4 38 24
1 7 68 24
6 4 74 26
1 6 76 29
4 5 81 95
8 4 21 42
5 5 81 43
2 5 62 43
4 5 79 45
8 4 84 48
8 6 92 46
3 4 38 72
1 5 65 71
4 4 4 14
5 5 64 13
2 5 68 17
7 5 64 11
6 4 29 59
5 6 60 61
8 5 45 60
1 5 30 59
8 7 55 61
6 5 54 60
3 4 19 59
1 5 36 58
8 6 44 56
5 4 27 7
2 5 85 6
1 4 29 16
6 5 88 19
3 5 81 17
4 5 42 17
3 4 6 17
8 5 24 14
5 7 32 17
1 4 24 35
2 5 65 36
5 5 70 33
6 5 35 32
3 4 45 83
7 5 73 78
2 5 86 79
5 4 9 38
1 5 30 37
3 4 39 42
8 5 47 41
2 5 51 44
1 6 78 42
7 5 84 37
5 4 15 80
1 5 19 79
5 7 45 77
7 7 44 81
4 4 10 42
4 6 52 40
3 5 64 81
7 4 59 76
2 5 81 78
7 5 91 75
5 5 81 77
5 4 82 86
7 5 89 84
1 4 56 58
2 4 65 50
1 5 90 49
3 4 16 49
5 5 17 51
5 5 80 48
7 5 20 51
5 4 46 64
8 5 64 65
6 4 9 87
4 4 68 23
4 5 77 22
8 4 19 63
4 5 33 60
6 6 40 59
7 4 76 74
7 5 82 76
3 4 54 54
1 5 79 55
1 4 67 58
6 6 65 58
4 4 60 93
5 4 67 96
3 4 39 70
8 5 43 69
3 4 67 96
3 5 79 96
1 4 42 69
6 6 74 67
2 4 9 70
8 5 84 72
3 4 51 2
6 5 82 2
1 5 52 2
6 4 74 84
5 4 26 55
3 6 74 55
3 4 25 78
5 4 66 37
4 4 47 91
2 5 84 90
8 4 31 77
2 5 82 76
5 4 23 53
8 5 29 53
3 4 13 3
4 6 49 3
4 5 63 52
5 4 13 84
6 4 51 6
8 4 68 15
2 4 70 82
5 5 69 81
5 4 67 4
7 5 69 3
8 4 56 57
8 4 74 27
6 4 53 54
6 5 71 52
5 4 4 74
2 5 50 72
5 4 8 45
7 4 78 83
6 4 65 32
3 4 40 98
1 4 31 78
7 4 33 83
4 5 80 81
5 4 54 48
7 4 73 27
4 5 76 25
7 4 4 66
7 4 27 6
1 4 66 64
3 4 65 50
2 4 37 45
6 4 25 66
2 5 50 65
1 4 70 69
1 4 54 66
3 4 51 6
2 4 59 86
5 4 1 41
2 5 23 38
6 4 23 48
3 4 1 22
6 4 88 47
1 4 82 85
7 4 19 84
4 4 64 22
6 5 63 22
8 4 64 39
2 5 70 21
2 4 54 59
1 4 83 91
5 4 40 94
8 4 32 86
3 4 26 29
7 4 73 56
6 4 47 98
8 4 58 52
5 4 38 27
2 4 86 72
4 4 21 10
7 4 72 92
4 4 71 94
6 5 74 90
5 4 57 76
6 4 21 19
7 4 75 92
8 4 50 25
1 5 82 24
5 5 52 27
7 4 87 47
2 4 19 11
8 4 74 74
2 4 4 65
5 4 58 64
8 4 68 66
1 4 74 52
5 4 7 64
2 5 71 60
3 6 63 63
7 5 70 64
3 4 3 66
4 5 64 64
1 4 81 37
4 4 15 61
3 4 69 10
8 4 86 10
6 4 52 25
1 4 21 60
6 4 26 60
4 5 36 58
1 4 36 61
3 5 41 58
6 5 69 63
2 5 40 60
7 4 81 92
7 4 75 74
3 4 50 68
3 4 24 37
7 4 7 66
5 4 10 68
7 5 51 69
3 4 54 57
6 4 77 34
2 4 19 84
5 4 57 71
2 4 13 65
8 4 9 69
4 5 54 69
1 4 44 83
5 5 59 81
6 4 27 64
4 4 44 18
5 4 17 63
1 4 73 9
8 4 69 63
1 4 67 34
5 4 48 50
2 4 79 46
3 4 63 64
8 4 79 45
2 3 4 74
1 6 55 73
2 5 70 74
3 5 42 74
3 5 14 73
7 5 40 73
8 4 65 69
6 4 22 74
2 5 29 74
6 4 75 77
2 3 27 32
3 5 59 32
5 4 25 33
2 5 72 33
8 5 40 34
5 3 62 89
8 5 74 88
1 4 38 33
4 4 76 91
4 4 72 32
8 4 37 31
5 4 39 35
1 4 50 31
3 4 65 90
2 4 69 28
1 4 74 88
5 3 10 60
8 5 52 60
7 4 52 59
7 4 41 60
8 4 32 60
1 3 24 79
1 5 58 78
2 4 43 78
8 4 29 79
5 4 58 77
5 3 46 66
5 3 9 32
6 5 50 33
4 5 16 31
4 4 17 30
4 5 60 28
5 4 25 29
3 4 43 32
7 5 59 31
6 6 61 32
7 4 33 29
6 5 57 25
3 3 33 33
7 5 73 34
7 4 53 33
6 6 61 36
2 4 45 31
3 4 69 36
6 4 64 34
4 4 60 35
6 4 66 36
5 4 62 34
8 4 61 36
5 4 41 32
1 4 61 34
1 4 41 30
2 4 62 67
3 4 60 28
4 3 3 68
5 5 61 69
1 6 3 67
1 4 24 67
7 4 34 67
6 4 33 68
2 5 44 65
4 4 17 65
8 4 15 65
7 6 49 64
1 5 64 62
5 3 21 52
1 5 54 51
3 4 36 63
3 4 54 52
8 4 67 53
7 4 47 54
5 4 54 51
4 4 68 52
8 4 22 65
8 4 69 54
3 4 44 53
7 3 51 10
7 4 52 10
7 3 64 70
3 3 22 22
5 6 60 22
2 3 20 90
4 4 19 91
8 4 25 89
1 4 65 91
3 7 65 90
3 4 40 89
8 5 84 86
3 3 33 49
6 5 71 47
8 5 61 46
8 4 38 90
7 4 32 47
7 5 44 89
4 4 61 50
4 5 73 46
7 4 71 47
6 5 76 44
3 4 71 51
5 4 75 49
5 4 81 45
8 4 33 48
8 4 61 49
2 4 37 49
6 3 70 94
6 3 19 34
6 4 36 35
8 5 30 36
2 3 69 83
1 4 66 85
6 5 67 84
7 6 66 84
6 3 22 27
4 4 35 25
1 5 58 24
7 3 9 79
8 4 9 78
6 4 39 79
6 6 8 79
8 5 49 78
7 4 44 78
3 4 71 81
2 4 64 80
2 4 23 77
2 4 35 76
1 3 53 7
6 4 54 5
7 3 7 30
7 5 16 29
7 4 74 5
5 4 52 8
4 4 18 29
1 4 72 5
8 4 55 8
5 4 69 9
3 4 70 7
3 3 3 90
2 6 40 88
7 4 17 92
2 4 5 92
3 4 32 91
3 4 15 93
2 4 58 90
7 4 64 87
5 4 34 90
7 4 57 92
5 3 14 91
6 6 40 93
6 3 15 12
3 5 29 10
1 5 18 10
7 4 44 10
3 4 44 8
4 5 56 11
4 4 44 11
3 5 62 12
1 4 48 9
8 5 64 12
1 5 74 13
3 4 19 9
6 5 59 9
4 4 70 12
7 4 68 12
2 4 45 92
1 4 54 15
8 4 65 9
7 3 33 79
6 5 52 77
8 4 51 79
8 5 62 80
4 3 14 95
7 4 50 92
2 5 57 96
4 4 23 93
2 5 68 96
6 4 17 93
6 6 29 94
7 4 22 95
6 4 40 97
3 4 41 97
1 5 62 96
6 3 10 40
7 4 54 38
1 5 18 40
2 5 65 37
3 4 74 40
7 4 43 42
7 4 74 39
3 4 59 40
7 3 23 29
5 5 53 29
4 4 37 28
2 5 64 32
4 3 58 10
6 5 65 12
6 3 72 13
8 5 70 14
3 3 19 90
1 5 27 92
8 4 30 91
2 3 28 18
7 5 77 19
3 3 23 16
4 5 76 15
3 3 21 94
5 4 38 92
1 3 41 28
5 4 56 25
3 4 42 28
2 4 42 25
1 4 47 26
8 4 51 27
3 4 50 26
3 3 40 85
8 4 63 88
1 4 63 87
5 3 59 12
2 5 61 13
2 4 71 85
5 3 10 49
4 4 37 48
4 4 22 48
5 4 57 46
3 4 74 44
7 4 66 50
1 4 59 50
7 4 61 52
3 4 50 49
7 4 78 42
6 3 29 15
6 4 60 14
5 4 74 16
4 3 9 94
6 4 30 93
8 5 29 94
5 3 8 12
7 5 60 11
2 3 18 94
4 4 25 93
5 4 30 96
6 4 52 94
5 4 25 93
1 3 24 56
1 4 45 55
2 4 57 56
7 5 55 56
8 4 23 57
4 5 66 55
5 4 35 55
2 6 62 54
2 4 34 56
2 4 42 55
8 5 42 54
4 4 42 55
5 6 50 57
5 3 18 59
7 5 27 57
2 4 25 57
5 4 38 56
2 6 41 56
7 4 18 59
6 3 18 98
1 4 66 95
8 3 6 92
1 6 16 93
2 4 47 92
4 3 31 43
4 4 40 44
1 4 39 43
2 3 44 79
3 5 42 78
5 4 55 80
1 4 47 44
4 4 80 44
7 4 56 47
6 3 16 25
6 5 26 24
8 4 24 26
3 5 32 29
7 4 43 24
4 4 51 23
5 4 31 29
2 3 7 24
2 5 29 25
6 4 34 29
1 4 37 23
2 5 44 21
5 4 32 32
1 4 28 24
4 4 26 26
2 4 56 23
8 4 53 19
3 3 30 44
4 5 56 43
1 3 30 27
3 5 49 30
8 4 35 21
8 4 28 28
7 4 45 44
2 3 22 28
7 7 24 26
1 4 21 29
4 4 28 30
5 6 28 29
2 4 27 30
4 4 32 29
8 4 45 30
4 6 40 28
2 3 40 8
1 5 39 8
4 4 38 8
7 3 39 26
2 5 36 26
5 4 72 6
6 4 45 25
5 4 49 24
7 3 6 26
4 4 45 26
5 3 37 5
5 3 2 89
1 5 22 87
6 4 20 91
4 5 31 87
5 4 59 89
3 4 6 90
4 5 24 88
4 4 69 4
8 4 69 6
2 4 46 89
7 3 55 86
6 4 61 84
7 3 17 95
5 5 19 94
7 4 60 95
8 4 18 97
8 4 32 96
2 4 15 96
8 4 46 94
7 4 28 95
5 4 45 94
5 5 51 95
4 6 49 96
7 5 47 92
4 3 23 85
1 4 62 85
8 5 62 85
2 3 47 39
6 4 63 38
3 3 60 44
1 4 61 45
3 3 64 87
5 4 62 87
2 3 47 12
7 3 11 48
2 4 55 47
7 4 35 47
1 4 56 46
6 3 12 48
8 4 16 46
5 4 36 45
3 3 18 13
6 4 16 13
8 6 51 11
6 3 7 12
2 4 51 10
5 4 18 11
7 4 17 9
6 4 37 9
2 4 24 10
7 4 60 8
4 4 9 13
6 4 45 11
7 4 45 10
5 3 2 50
7 4 44 48
8 5 55 50
4 3 11 10
4 4 14 9
5 4 33 10
7 4 31 6
1 4 38 10
8 4 14 8
5 3 47 77
7 5 46 79
5 4 49 78
6 5 46 76
8 4 49 74
6 3 16 30
2 4 30 31
2 4 41 29
2 3 6 94
7 6 19 92
3 4 19 29
5 3 60 4
5 3 13 24
3 4 36 25
4 3 36 4
3 4 64 4
2 4 50 4
1 3 10 3
1 4 59 5
2 4 69 1
1 4 51 2
4 4 48 5
8 4 75 1
2 3 38 45
8 4 36 46
6 3 27 57
1 4 42 56
3 3 27 52
6 5 30 50
2 3 52 4
6 4 63 4
7 5 61 6
2 3 13 72
4 4 31 73
6 4 37 71
5 3 50 9
4 3 14 4
2 8 58 2
8 3 16 6
8 5 35 4
8 4 13 5
7 5 16 6
6 4 16 8
8 4 20 2
1 4 21 8
3 5 42 11
1 4 15 5
2 4 38 3
3 4 38 4
7 4 43 1
2 4 44 7
4 3 65 37
7 3 34 13
8 5 42 16
1 3 34 72
8 5 51 70
1 3 23 9
3 5 27 8
6 4 43 74
3 4 43 73
1 3 16 72
5 4 13 72
2 4 45 72
3 4 49 73
1 3 16 83
3 4 60 84
8 4 19 83
1 3 41 25
3 3 29 2
6 5 40 2
3 4 52 3
5 3 16 76
4 4 33 74
6 3 34 21
1 4 40 21
6 4 56 22
5 5 46 23
7 3 18 67
6 4 38 65
8 3 35 82
4 4 39 83
1 3 49 3
1 4 52 2
7 3 34 23
8 4 40 20
1 4 39 23
5 4 41 24
5 3 33 50
5 4 39 49
2 4 42 48
1 4 42 48
3 3 34 32
8 4 42 32
5 3 36 14
2 4 37 16
7 3 50 20
5 3 7 72
8 4 19 73
6 4 31 75
4 3 50 53
4 3 7 80
1 4 21 80
3 4 46 81
1 4 46 79
8 3 34 94
8 3 24 95
6 4 44 97
6 3 28 19
8 4 58 18
6 3 20 30
4 4 39 30
4 4 43 31
6 3 6 33
7 4 40 34
6 4 38 34
5 3 40 4
8 4 40 3
6 3 45 44
1 4 45 41
4 3 49 50
7 3 9 11
1 4 40 12
8 3 13 83
4 3 17 56
5 3 34 7
1 3 9 34
4 4 18 36
2 3 18 96
6 3 5 82
5 4 32 79
6 3 34 78
4 5 33 81
4 3 15 36
2 6 19 37
5 4 31 37
5 4 39 38
1 4 32 35
3 4 38 31
4 6 50 38
3 3 12 82
1 4 32 83
5 3 55 46
4 3 6 77
7 4 32 79
2 3 32 17
7 3 22 41
4 4 52 40
6 3 54 38
8 4 63 38
2 3 6 78
4 4 47 76
5 4 68 77
2 3 11 81
6 4 35 81
6 3 47 84
6 3 37 87
7 4 56 86
2 3 7 42
1 4 33 41
8 4 42 42
1 4 59 40
7 3 38 44
8 3 2 50
6 4 35 53
2 3 15 55
5 5 28 54
4 3 5 74
2 3 16 75
7 4 15 75
2 3 25 40
2 4 40 38
8 4 47 37
5 3 24 56
6 5 37 54
6 4 44 54
3 3 16 49
2 4 45 52
8 3 43 41
7 4 55 38
5 3 52 40
4 4 53 39
1 5 52 38
4 3 35 81
5 6 33 82
2 4 52 37
3 4 33 80
5 3 11 21
7 4 56 19
6 6 37 19
4 4 55 20
4 3 30 19
3 5 57 19
2 3 5 3
7 5 9 1
2 4 7 3
7 4 36 19
1 3 20 20
3 4 37 21
6 3 28 21
8 6 49 20
7 3 6 97
6 3 42 20
1 4 44 22
6 4 46 21
4 3 20 56
3 4 29 56
3 4 31 57
6 3 40 59
1 4 44 59
7 3 26 2
5 3 17 42
3 4 42 42
8 3 50 43
7 3 2 92
4 4 39 90
8 5 43 89
1 3 11 78
2 4 38 78
4 3 36 52
7 4 36 56
5 4 35 54
1 5 37 52
1 4 34 54
7 3 24 68
8 3 4 9
2 4 8 9
2 4 14 8
5 3 29 86
1 3 34 89
5 4 40 91
2 3 48 95
4 3 14 4
7 4 20 2
7 4 38 1
4 4 37 2
6 4 25 2
1 3 13 5
4 3 40 39
5 4 51 36
4 3 43 61
7 5 48 60
8 3 12 98
1 3 10 81
8 4 11 81
2 3 48 81
6 4 47 81
1 3 9 76
7 3 4 17
5 4 16 15
3 3 27 73
8 3 28 74
1 3 17 75
3 4 42 77
8 4 33 74
4 4 17 74
4 3 36 48
8 3 20 11
7 3 3 2
7 4 29 2
4 4 3 1
1 3 18 43
6 4 18 44
4 5 35 44
8 3 33 54
2 3 29 86
3 5 46 85
2 4 51 87
4 3 42 46
3 3 31 50
6 3 30 48
2 4 31 47
3 3 16 43
5 5 21 41
7 4 17 44
3 4 17 43
3 5 25 42
1 3 34 42
5 5 34 40
4 4 17 43
4 4 46 44
3 3 9 43
6 4 27 42
1 4 22 44
5 5 27 43
3 3 16 74
5 4 35 73
6 3 19 73
8 5 39 74
1 5 35 70
3 3 57 68
5 3 5 98
8 3 20 1
3 4 31 1
1 3 32 87
6 4 58 87
7 4 38 86
6 4 40 86
8 3 8 34
8 3 31 2
3 3 12 45
2 4 42 43
4 3 31 80
8 3 45 35
6 5 44 36
7 3 15 15
1 3 2 35
4 3 19 30
6 3 30 81
1 4 38 80
4 4 37 78
5 3 35 80
8 4 36 78
4 3 14 83
2 4 39 81
5 3 37 29
8 4 40 27
1 3 51 82
7 3 37 13
6 4 52 13
7 3 42 16
2 3 36 21
4 3 20 30
8 4 28 29
2 3 18 59
1 4 45 59
7 3 46 52
7 3 30 74
5 3 24 1
6 4 30 3
8 3 55 88
8 3 34 73
7 3 30 2
2 3 58 51
3 3 1 75
4 5 31 73
8 4 6 76
4 4 37 72
6 5 34 76
4 3 32 55
1 3 3 1
1 4 27 1
4 4 27 2
2 3 11 70
5 4 42 69
5 3 36 91
1 3 34 48
4 3 20 65
4 4 31 66
7 3 14 79
6 4 15 81
5 3 2 66
7 4 12 65
3 4 17 67
3 3 15 64
5 4 15 64
2 4 18 64
4 5 17 62
6 3 16 46
3 3 2 53
5 3 25 85
5 4 45 82
4 3 21 76
6 3 43 71
7 4 49 70
5 3 41 53
3 3 41 20
7 3 28 44
3 4 35 47
8 3 52 86
1 3 26 85
4 4 42 84
3 3 19 76
2 4 35 75
4 3 30 86
1 3 26 75
5 4 30 73
7 3 29 34
6 3 44 42
7 3 49 22
2 3 30 45
1 4 44 43
2 3 36 52
5 3 32 63
2 4 36 63
7 3 34 64
7 4 57 62
2 3 35 32
6 3 69 71
6 3 17 63
1 5 25 63
4 3 37 58
8 3 20 64
1 4 26 63
2 3 41 61
4 3 44 77
8 3 41 41
2 3 15 45
5 3 49 51
5 3 20 46
4 4 22 44
5 4 34 43
8 3 37 84
1 3 28 97
7 3 39 28
7 3 34 15
3 3 39 48
1 3 5 91
7 3 30 42
6 3 13 80
3 3 9 11
2 3 23 37
4 3 5 89
2 4 11 91
8 4 10 90
2 3 20 77
2 4 29 79
2 3 30 74
7 3 25 67
3 3 44 6
7 3 33 62
6 3 16 78
1 3 37 62
3 4 36 63
5 3 48 70
6 3 16 65
1 3 4 25
8 3 18 43
7 3 16 89
4 3 44 87
5 3 29 90
6 5 28 90
2 3 2 85
1 4 17 87
7 4 18 89
1 3 43 5
1 3 17 67
8 3 2 2
4 3 17 86
7 3 33 1
7 3 26 9
6 4 25 11
5 3 18 86
3 4 40 84
7 3 28 76
1 3 11 85
7 4 48 86
2 4 18 84
4 3 21 55
1 3 1 85
6 5 3 84
7 3 9 86
8 5 33 88
8 5 20 86
5 4 2 83
3 3 28 51
6 3 12 87
5 4 18 89
5 4 15 88
2 4 38 86
7 3 43 22
2 3 31 31
8 3 38 16
6 3 34 82
3 3 39 16
2 4 37 18
4 3 38 15
5 5 51 14
1 3 29 79
1 3 18 91
3 4 20 94
2 3 27 81
2 3 16 90
5 3 38 24
3 3 29 80
4 3 8 23
6 4 38 22
2 5 37 22
6 4 36 22
2 3 28 82
8 3 46 68
3 3 32 7
1 3 51 69
5 5 52 72
2 3 39 13
8 3 1 58
2 3 13 58
3 3 30 41
2 3 13 2
7 3 34 58
8 3 7 56
8 5 32 59
5 3 35 55
3 3 37 68
5 3 25 25
5 3 13 82
8 3 32 3
6 3 31 5
8 4 37 5
2 3 17 56
8 3 33 49
1 3 6 25
8 3 27 80
6 3 27 75
6 3 2 58
7 3 18 56
3 3 34 82
1 3 8 58
2 4 21 56
5 3 8 56
8 3 7 59
6 5 28 61
5 3 25 60
5 4 31 60
3 3 26 82
4 3 10 25
8 3 25 24
3 3 29 9
1 3 9 25
1 3 11 58
5 3 27 24
4 4 27 25
3 3 7 58
7 3 20 57
3 3 35 23
3 3 22 26
6 3 12 44
4 3 13 58
5 3 9 27
3 3 15 24
6 3 29 59
8 3 21 43
8 3 31 26
6 4 38 29
3 3 37 27
2 3 49 47
1 3 19 59
5 3 37 41
2 3 38 42
3 3 37 60
2 2 29 98
2 3 41 97
7 3 53 98
4 2 15 90
6 5 14 89
3 3 18 88
6 3 36 87
1 5 30 86
6 3 18 87
3 3 28 88
7 3 34 85
8 2 29 55
3 3 29 54
7 3 40 53
5 2 30 16
1 3 34 14
8 2 30 40
1 3 29 39
3 2 16 17
4 3 26 15
6 3 30 13
1 3 30 14
3 4 49 14
3 4 31 14
3 4 53 16
4 3 30 14
2 4 45 16
7 3 45 16
5 4 35 12
7 3 40 13
8 4 43 14
6 2 14 15
1 4 14 14
4 4 38 13
2 3 19 15
4 4 29 13
1 3 22 13
3 5 26 12
7 3 21 14
6 4 46 15
4 2 30 38
3 4 30 37
2 3 28 10
8 3 45 39
8 3 52 17
1 3 42 15
6 3 27 11
3 3 43 39
1 4 27 12
8 3 30 9
4 3 32 8
6 3 54 18
1 3 33 11
3 3 35 15
1 3 56 17
2 3 31 9
3 2 1 29
2 3 22 27
7 3 1 30
4 3 12 28
8 2 29 45
7 3 43 47
2 3 42 47
8 4 49 48
1 2 29 46
1 2 29 15
5 4 31 14
1 3 30 15
4 7 28 14
8 3 40 16
3 3 47 19
2 3 53 19
3 3 34 12
5 2 29 10
7 3 29 10
2 3 29 9
8 3 29 7
7 3 33 6
6 3 33 5
3 3 36 6
3 2 15 38
7 3 33 37
3 4 32 38
3 3 43 37
1 4 41 37
8 3 14 37
8 3 40 36
2 3 40 35
4 5 39 36
4 3 34 37
8 3 43 39
8 2 1 28
1 5 29 30
8 3 5 27
6 3 20 26
3 4 24 24
3 3 36 23
5 4 34 23
3 3 40 33
2 3 39 21
7 3 23 24
4 3 41 39
7 2 28 19
1 3 51 18
1 2 1 45
5 4 18 45
6 4 14 44
6 3 36 41
7 5 35 43
1 4 24 43
2 3 9 45
7 4 26 42
1 3 16 43
2 4 16 42
7 4 20 44
2 3 27 41
7 3 26 42
1 5 25 41
8 3 34 46
6 3 19 44
4 3 15 44
4 3 21 44
2 4 23 42
6 3 31 45
7 3 22 41
6 3 21 41
8 4 20 40
1 3 19 40
6 4 20 39
4 3 24 38
6 4 23 39
6 4 28 37
4 3 27 40
2 4 32 38
3 3 31 46
7 3 38 47
6 3 30 41
5 3 36 46
3 3 36 47
6 3 28 45
1 2 1 26
7 5 18 27
8 3 21 26
3 3 26 28
1 4 33 30
6 3 25 27
6 3 32 31
4 3 25 30
3 2 27 47
7 3 33 47
2 5 31 47
3 2 27 77
8 4 28 75
4 3 31 46
6 2 28 2
7 3 30 1
2 3 32 3
2 2 28 82
7 3 27 84
5 2 14 7
3 3 16 6
2 4 14 6
7 3 30 8
6 2 1 81
8 4 1 81
4 3 1 79
7 4 26 80
4 4 11 79
7 3 1 79
8 3 14 80
1 6 13 81
8 4 15 80
1 3 14 77
3 4 13 79
5 3 5 78
6 3 12 81
2 3 2 78
5 5 13 77
1 3 2 81
4 4 14 81
6 4 14 79
1 4 29 82
2 3 13 82
8 3 13 84
5 3 16 82
2 3 1 81
4 3 11 78
8 3 25 84
7 3 18 82
4 3 23 84
5 2 29 51
6 3 30 53
3 3 44 51
3 2 29 2
4 3 33 2
4 2 29 41
1 2 27 89
5 3 34 88
6 2 12 95
7 3 11 94
6 3 31 95
1 4 14 95
8 4 28 95
5 3 34 96
3 3 13 96
1 3 48 97
6 3 18 98
7 2 13 39
4 4 18 38
7 4 17 39
5 3 26 39
5 4 21 36
3 3 17 38
8 4 23 40
2 3 29 34
1 3 29 37
5 4 32 34
3 3 27 40
7 2 14 74
1 3 15 74
3 3 28 76
4 3 28 74
3 3 46 71
5 2 28 89
8 3 27 89
7 4 27 90
1 3 36 88
6 3 35 88
6 2 28 76
7 3 30 74
1 2 28 33
8 3 30 31
4 3 33 32
4 2 28 50
7 2 27 46
5 3 34 46
3 2 12 20
8 3 19 22
3 3 18 19
7 4 19 20
6 3 36 18
2 3 18 20
3 3 30 18
4 3 39 17
6 3 29 18
7 3 33 19
8 3 29 17
3 3 31 18
8 5 34 16
4 5 33 19
4 3 46 18
2 4 33 18
5 3 32 19
6 2 11 76
1 3 33 75
5 3 23 76
5 3 31 75
8 2 27 55
4 3 27 54
5 2 26 20
7 2 25 35
1 4 31 35
8 3 28 34
7 2 1 72
8 4 21 72
3 3 28 71
2 3 1 73
7 4 15 71
8 3 31 33
2 3 46 69
6 3 1 70
2 2 11 72
5 3 27 70
5 3 36 69
3 3 34 69
6 3 44 68
1 2 25 77
1 2 24 54
7 5 24 53
6 3 32 75
6 3 24 53
3 2 11 23
2 3 23 22
5 3 15 21
3 4 22 19
8 2 25 20
1 4 32 20
6 3 31 22
6 2 25 93
4 2 24 58
5 3 24 56
3 3 22 57
7 2 11 80
2 2 24 3
4 4 29 1
8 3 30 4
7 3 33 4
7 3 29 5
1 4 28 5
3 3 29 2
7 2 11 20
4 3 28 19
2 4 23 19
6 4 15 20
1 2 24 16
5 3 31 17
2 3 30 15
4 3 27 17
4 3 30 15
6 2 24 17
7 7 22 17
5 4 22 18
7 3 34 16
6 2 25 63
1 3 36 61
2 2 24 50
8 3 35 48
4 2 25 47
1 4 33 48
4 3 36 49
6 2 26 8
5 3 29 6
6 4 29 4
4 4 28 5
3 2 24 69
1 3 26 70
8 3 40 72
4 2 25 82
1 2 24 33
3 3 26 34
6 2 1 6
5 4 20 4
4 3 17 7
8 4 16 7
3 4 16 6
6 4 16 6
8 3 5 5
4 4 22 4
5 3 2 4
3 4 15 3
8 3 1 6
1 4 12 5
2 4 16 4
2 5 5 7
7 4 5 6
7 4 15 6
2 2 23 33
7 5 22 32
4 3 23 33
3 3 12 5
2 3 33 35
7 2 2 9
7 4 7 8
5 3 19 10
1 3 6 10
4 3 11 7
6 3 10 8
6 3 22 7
1 3 21 9
2 3 20 9
1 3 12 10
7 2 23 62
7 4 33 60
2 2 24 62
6 3 43 61
3 4 43 61
4 3 23 62
2 3 40 62
4 3 41 61
5 2 10 91
4 3 10 89
4 2 1 95
3 4 24 92
7 4 27 94
3 3 12 94
1 3 23 92
2 3 22 95
4 3 26 96
8 3 12 96
5 4 23 94
3 5 22 96
6 3 13 94
4 3 19 93
7 4 18 93
7 3 20 92
2 3 23 92
8 3 19 90
5 3 24 93
8 2 1 32
7 3 3 32
6 3 4 32
7 4 27 29
5 3 3 33
6 3 21 30
8 3 10 31
1 3 10 30
2 4 25 28
2 3 4 31
5 4 23 29
1 4 10 31
1 3 17 30
3 3 19 29
2 3 22 32
4 3 25 33
6 3 17 31
7 3 24 34
7 3 22 28
6 2 22 66
3 3 28 65
1 2 23 71
1 3 34 69
3 2 1 31
5 4 15 32
2 3 14 32
8 6 14 31
3 3 17 33
7 3 6 32
5 3 17 34
5 3 32 37
8 2 23 58
6 2 22 83
7 2 22 58
5 2 22 14
5 3 23 14
8 3 21 14
7 2 24 17
8 4 35 16
3 3 22 12
1 3 21 11
5 2 23 42
7 2 22 13
2 4 22 12
3 2 23 39
4 2 21 76
8 3 26 76
3 3 26 75
8 2 23 58
2 2 22 97
1 3 23 95
4 2 10 62
5 3 10 64
5 4 17 61
2 3 22 61
8 3 24 62
1 2 23 15
3 3 22 15
1 2 21 75
2 3 20 76
2 2 21 90
8 2 21 10
4 3 20 10
4 2 10 71
4 4 31 70
7 3 31 72
7 2 10 38
1 3 19 39
2 3 18 39
7 3 17 36
6 3 18 39
3 3 24 37
7 3 14 37
1 2 1 15
4 4 19 16
6 3 9 14
5 2 1 55
3 4 10 53
5 2 21 13
7 3 22 12
1 2 9 75
1 4 11 73
6 3 23 14
3 2 21 70
4 3 20 69
5 4 34 68
2 3 19 69
6 3 18 68
6 3 27 68
4 3 35 70
8 3 27 67
4 3 17 69
1 4 29 70
6 3 32 71
2 3 34 71
7 3 33 72
5 3 18 71
4 2 21 19
8 3 23 18
8 3 30 17
3 2 21 41
4 2 19 69
2 3 23 70
1 2 20 59
4 2 19 59
3 5 19 57
8 2 20 14
4 3 20 15
2 2 20 16
6 3 19 16
4 2 20 45
5 2 19 26
4 3 18 25
2 3 18 24
5 2 20 33
6 2 19 3
3 2 19 15
3 2 18 48
7 3 16 49
8 3 27 48
1 3 26 49
8 4 29 47
6 3 32 46
2 3 19 47
7 4 30 48
3 5 29 46
8 3 15 49
6 3 27 46
5 3 27 48
7 2 9 41
2 3 19 42
1 3 8 40
5 2 9 69
7 3 22 70
7 2 9 25
1 3 24 23
2 2 19 70
3 2 19 33
6 2 19 60
3 2 19 63
8 3 20 61
7 2 19 62
4 3 19 61
1 3 19 63
6 3 19 63
8 3 24 63
5 3 28 61
7 2 10 21
3 3 17 21
5 2 1 19
5 3 15 19
1 3 14 20
8 4 13 19
4 3 5 19
1 3 17 21
5 3 16 23
8 3 18 21
5 4 17 20
8 3 25 22
7 4 17 23
6 3 16 22
4 3 22 22
7 2 18 36
6 3 26 36
8 3 23 34
1 3 21 34
6 2 9 22
8 3 13 22
3 4 12 20
3 2 19 35
7 3 25 37
5 2 9 4
3 3 17 2
4 3 16 1
7 3 27 1
2 2 18 62
4 3 21 64
2 3 21 63
3 5 23 65
3 3 17 62
6 4 30 64
7 4 23 64
7 3 27 64
7 2 9 65
8 3 20 65
4 3 21 65
1 3 20 65
2 3 19 63
5 3 25 66
3 2 1 9
6 3 1 10
7 3 13 10
5 2 8 83
4 3 17 84
5 3 18 82
6 2 19 62
4 3 21 62
5 3 23 61
1 4 21 61
7 2 18 82
6 3 17 83
6 2 19 37
8 3 23 35
4 3 23 36
2 2 18 37
6 3 23 36
4 3 17 36
1 3 16 37
5 4 18 36
6 3 14 37
5 2 18 92
1 2 18 1
5 3 24 3
7 2 18 38
8 2 17 82
3 2 19 74
5 2 19 96
7 2 19 96
2 3 34 97
8 2 18 35
8 2 17 47
1 3 20 46
5 3 20 45
4 2 18 96
8 2 19 11
2 2 17 35
6 3 18 33
2 2 18 47
1 2 17 12
3 3 16 12
8 2 18 17
5 2 19 16
1 3 23 17
2 2 18 58
5 2 17 95
4 2 17 58
2 3 16 58
1 2 18 63
7 2 17 75
6 2 17 71
4 2 19 25
4 2 17 56
7 2 18 20
5 2 19 24
6 2 16 12
8 3 15 12
4 3 14 12
6 2 19 46
1 2 17 54
5 2 17 45
6 2 18 24
7 2 19 24
3 2 18 25
4 2 19 24
2 2 15 95
3 3 14 96
3 3 32 97
2 2 18 95
3 4 17 95
7 2 16 96
1 4 16 95
6 3 16 96
5 3 17 96
4 3 22 94
6 3 21 94
4 2 1 72
6 3 4 71
5 2 7 87
3 4 6 87
7 3 24 86
4 3 26 70
1 3 32 85
8 2 1 22
1 3 2 22
2 4 2 21
6 2 15 87
5 5 27 85
2 3 8 22
8 2 16 35
3 2 15 88
8 2 17 1
2 3 23 1
5 2 16 7
3 2 16 94
7 2 16 43
1 2 16 1
4 2 17 1
1 2 16 42
2 2 16 2
8 3 20 2
3 4 19 2
5 2 16 4
8 2 15 95
7 2 16 95
2 3 15 95
1 2 16 48
5 2 16 47
8 2 16 1
3 2 16 48
5 2 15 97
6 2 16 33
1 2 15 70
2 3 25 72
5 2 17 1
1 2 17 89
6 3 25 87
8 2 15 85
3 2 18 87
1 2 15 7
2 3 14 7
3 2 17 16
8 2 17 88
3 3 22 88
5 3 21 88
8 2 17 39
8 2 17 70
1 2 15 94
5 2 17 26
1 2 17 87
1 2 15 66
8 2 17 67
5 3 18 66
3 2 14 83
3 2 15 52
8 2 16 53
8 3 20 51
1 2 14 45
8 3 15 43
4 2 16 51
6 3 31 50
2 2 16 45
3 3 15 46
7 2 15 49
2 3 18 49
1 2 14 79
2 2 17 45
2 2 16 50
7 2 19 34
2 2 15 74
8 2 18 54
4 2 17 74
5 2 17 43
3 2 15 62
5 2 17 63
8 2 15 63
2 2 17 62
6 3 22 60
4 2 16 61
1 2 18 47
2 2 15 13
7 2 15 20
3 2 16 19
1 2 19 18
5 2 15 42
8 2 16 45
5 2 19 64
2 3 21 64
7 2 14 32
1 3 12 32
7 2 14 47
6 2 16 74
4 2 15 41
7 2 16 40
1 2 15 40
5 4 16 39
2 2 14 39
8 2 15 3
1 2 15 2
7 2 15 1
4 2 15 4
6 2 14 94
7 2 14 95
7 2 18 42
3 2 14 86
4 2 14 78
4 2 14 71
8 2 18 71
3 3 28 70
4 2 13 69
3 3 13 68
2 2 13 88
3 2 17 87
6 3 25 85
6 2 8 26
1 3 7 27
6 4 15 26
7 3 15 25
8 3 14 28
7 2 14 72
3 3 19 71
2 2 6 86
7 4 13 85
8 2 13 89
4 3 20 90
6 2 13 84
2 2 16 27
5 2 16 67
3 2 15 70
8 3 18 68
7 2 14 34
6 2 16 25
8 2 17 28
6 2 17 43
1 2 15 28
4 3 14 28
5 2 13 67
1 2 16 27
1 2 15 34
5 2 14 71
4 2 14 46
4 2 14 34
5 2 14 15
6 2 14 42
6 2 14 1
1 2 14 70
7 2 14 63
2 2 17 84
7 2 16 1
5 2 17 69
1 2 13 94
2 2 13 78
4 2 15 2
1 2 13 47
5 2 13 47
4 3 12 48
2 2 13 14
6 2 15 49
8 2 13 40
1 2 15 77
6 2 13 52
4 2 13 42
7 2 15 15
4 2 14 16
7 2 13 40
8 2 15 16
3 2 16 50
2 2 16 76
3 2 13 31
5 2 17 86
1 2 17 85
3 3 19 85
4 3 18 86
8 2 13 15
7 2 14 17
1 2 13 27
3 2 14 28
6 3 14 29
6 2 12 67
6 3 20 66
1 2 12 90
4 2 13 31
5 2 14 29
8 2 13 28
6 2 13 23
4 2 13 24
5 2 14 26
2 2 13 26
6 2 13 20
7 2 15 23
1 2 15 29
3 2 15 66
1 2 16 90
2 2 13 16
4 2 12 17
1 3 11 17
8 2 12 11
6 3 13 10
5 2 12 52
4 2 15 17
6 3 14 17
5 2 12 85
2 2 15 86
5 3 20 85
4 2 18 53
8 3 24 53
2 2 12 47
2 2 14 24
4 2 14 24
8 2 14 86
4 2 15 86
7 2 16 16
7 2 15 48
6 2 13 48
4 3 12 48
4 2 11 98
4 2 12 89
2 2 14 97
3 2 18 52
5 2 17 52
1 3 26 52
8 3 25 52
4 3 24 53
6 3 33 51
6 2 12 71
4 2 17 71
8 3 19 70
7 3 16 72
8 2 11 81
2 2 12 64
4 2 13 7
8 2 13 8
5 2 13 4
5 2 13 15
6 2 12 9
6 2 14 8
2 2 13 51
1 2 13 50
7 2 13 17
5 2 12 36
4 2 15 96
2 2 18 13
5 2 15 7
8 2 14 8
4 2 14 70
2 2 17 71
7 2 11 89
1 2 17 88
8 2 11 74
2 2 16 89
6 2 16 71
1 2 16 69
7 2 16 70
7 2 13 75
1 2 16 70
2 2 11 72
5 2 13 73
3 3 14 71
5 2 10 95
2 3 10 96
1 2 11 22
6 2 12 96
1 2 13 73
1 2 13 76
3 2 12 77
6 3 15 77
3 2 11 10
3 2 11 55
5 2 13 54
7 3 23 56
2 3 22 55
4 2 11 46
7 2 10 56
5 4 10 54
6 3 23 53
5 2 11 20
1 2 10 55
1 3 21 54
5 3 20 54
2 3 20 52
7 3 19 53
6 2 10 75
4 2 11 74
2 3 18 75
5 2 10 74
4 2 11 33
4 2 11 19
8 2 11 3
4 2 11 54
6 2 13 54
3 3 12 55
3 2 5 96
4 3 5 97
6 4 5 96
2 3 24 97
2 2 5 60
5 4 4 60
6 4 8 59
7 3 11 59
4 4 3 60
8 3 13 59
8 3 7 59
1 3 10 59
5 3 9 61
5 2 6 23
1 3 9 24
3 3 8 26
8 3 8 24
1 2 14 61
4 3 12 61
8 2 10 53
7 3 9 53
5 3 24 51
3 3 14 53
5 2 11 2
7 2 11 3
5 2 13 97
1 3 12 98
6 2 10 47
5 2 14 23
2 2 10 80
5 2 14 71
4 2 10 65
6 2 15 19
6 2 13 62
8 2 12 80
3 2 10 64
3 2 15 64
7 3 14 64
4 2 10 39
3 2 14 20
2 2 12 40
5 3 11 41
8 2 10 44
3 2 12 62
8 2 11 43
2 2 13 44
6 2 12 44
4 2 13 41
6 2 10 59
7 2 11 60
5 3 10 60
6 2 10 30
2 2 11 38
7 2 13 20
5 2 13 33
4 2 11 61
7 2 14 29
3 2 13 30
3 2 10 60
3 2 9 76
4 3 15 76
1 2 10 2
1 2 10 41
6 2 11 40
2 2 10 41
4 3 9 42
8 2 12 60
7 2 10 31
1 2 14 97
4 2 10 15
8 2 10 14
3 2 15 37
7 2 13 13
3 2 15 34
2 2 14 35
4 2 15 35
1 3 14 34
6 2 9 56
1 2 13 55
8 3 16 55
6 3 15 57
5 2 14 38
6 2 9 65
7 2 9 25
4 2 9 34
2 2 9 26
6 2 9 32
1 2 9 12
2 2 9 5
8 2 8 52
4 3 27 51
5 2 10 24
2 3 8 24
1 3 7 24
1 2 13 24
6 2 9 3
5 2 9 4
5 2 8 45
1 5 9 44
1 3 8 4
3 2 11 33
8 2 8 75
6 2 8 42
2 2 9 50
3 3 23 50
7 2 9 49
8 2 8 41
5 3 8 41
1 2 9 56
1 2 8 64
2 2 7 64
4 3 7 62
8 3 12 63
1 4 11 65
1 2 10 24
7 2 8 61
8 2 8 12
6 2 8 60
1 3 7 61
8 4 8 60
4 3 7 60
5 2 11 13
3 2 8 34
5 2 9 48
4 2 9 11
6 2 8 50
4 2 7 48
4 2 10 2
3 2 10 14
1 2 9 51
3 2 8 8
8 2 9 94
2 2 8 94
3 3 9 93
4 3 8 94
4 2 13 8
2 3 12 8
8 3 12 7
7 2 12 24
4 2 8 7
2 3 8 6
6 3 7 5
1 2 13 56
3 2 9 3
8 2 8 3
7 2 8 38
5 2 9 7
2 2 10 13
7 2 9 8
7 2 7 41
3 2 7 19
2 2 10 18
8 5 9 18
5 2 13 18
4 3 12 18
3 2 15 97
3 2 9 19
1 3 9 19
6 2 15 57
1 2 12 17
2 3 11 18
5 2 14 97
6 2 9 8
3 2 7 42
5 2 6 87
8 2 7 7
4 2 6 83
2 2 8 19
3 2 6 80
8 2 8 86
7 2 6 73
3 2 10 66
6 2 9 83
1 3 9 81
8 2 16 13
7 2 10 23
2 2 9 74
5 2 10 62
5 2 11 37
7 2 14 75
8 3 14 75
1 3 14 75
1 2 4 19
6 4 6 19
6 3 14 73
1 2 4 32
3 2 9 23
7 2 8 17
3 2 9 84
1 2 9 13
2 2 7 17
3 2 10 39
2 2 6 40
2 2 8 33
5 2 7 33
8 3 6 33
3 2 17 77
7 3 16 78
5 2 16 18
2 2 6 57
4 2 6 75
1 2 7 75
1 2 6 2
2 2 8 3
6 2 6 14
4 2 7 13
3 2 6 28
1 2 9 3
1 2 10 86
7 2 10 13
6 2 6 3
6 2 7 2
2 2 5 87
1 2 9 13
3 2 5 87
1 2 6 88
5 3 13 88
6 3 13 88
6 2 51 1
4 2 7 88
8 3 9 87
4 4 8 88
8 3 6 89
7 4 9 88
2 3 8 87
3 2 2 31
8 3 3 32
7 3 2 32
4 2 4 4
1 2 8 88
3 3 6 88
2 2 14 13
6 2 5 88
2 2 5 89
7 3 4 89
7 2 17 66
1 2 5 95
3 2 5 75
7 3 5 75
1 3 5 74
6 2 17 97
2 2 5 84
7 2 6 88
1 2 5 49
3 3 4 48
2 3 4 48
2 2 16 85
8 2 14 50
4 3 15 50
1 3 14 52
6 4 13 51
4 2 16 66
1 3 16 66
3 2 13 91
5 2 5 56
7 3 4 56
7 2 3 62
2 2 7 61
3 3 6 61
7 2 12 91
3 2 6 50
3 3 15 51
7 2 3 76
1 2 7 63
7 3 6 62
3 2 3 84
8 2 6 49
7 3 12 50
2 2 12 52
4 3 11 53
8 3 10 53
6 3 10 51
8 2 14 51
4 2 7 50
7 3 14 50
5 2 11 55
7 2 5 56
3 3 3 56
8 2 11 67
5 2 5 51
7 3 9 51
2 2 11 53
8 2 5 64
2 2 6 50
5 2 6 51
8 2 5 88
6 2 6 64
1 2 5 79
8 2 6 65
4 2 6 84
5 2 8 51
2 2 5 64
5 2 6 65
7 2 5 65
4 2 9 77
6 2 5 36
7 2 6 35
6 2 9 50
3 2 8 57
4 2 5 46
6 2 7 58
7 2 5 41
2 2 10 49
5 2 5 40
3 2 12 51
4 3 12 51
2 2 12 53
4 2 5 19
3 2 5 30
3 2 5 26
3 2 5 11
2 2 9 29
1 2 10 50
6 2 7 10
8 2 6 10
5 4 5 10
5 2 7 10
7 3 6 10
3 3 4 10
4 2 14 77
2 2 6 12
6 3 5 13
7 3 4 12
6 2 12 91
4 2 12 92
2 3 12 91
7 2 11 53
8 2 9 8
5 2 4 95
4 2 4 64
6 3 3 64
5 2 3 55
3 2 13 91
8 3 14 91
8 2 11 37
7 2 12 67
8 2 12 92
1 2 11 92
3 3 10 92
5 2 11 93
4 4 10 91
4 2 5 54
3 3 4 53
3 3 8 53
1 2 13 93
1 2 12 55
4 2 11 66
4 2 11 27
6 2 13 68
8 2 10 50
8 2 12 93
2 2 9 51
3 2 10 79
8 2 4 77
7 2 10 50
5 2 9 76
4 2 4 75
3 2 13 68
8 2 13 77
2 2 12 68
6 2 14 77
1 2 11 68
4 2 14 68
1 2 4 71
7 2 5 70
8 3 4 70
3 2 10 51
6 2 5 70
7 2 6 70
2 3 11 68
7 2 4 27
6 2 10 27
6 2 10 51
8 2 9 28
7 2 9 28
5 2 5 27
6 2 10 70
2 2 4 68
1 2 9 52
3 2 8 27
2 2 6 68
5 2 12 69
7 3 11 69
6 2 3 84
8 2 4 64
4 2 8 83
6 2 7 68
1 2 8 68
8 3 9 68
2 2 3 86
7 2 6 84
3 2 11 85
5 2 5 85
4 2 4 27
2 3 5 26
4 2 3 85
5 2 4 49
7 2 10 67
8 2 6 50
3 2 10 82
2 2 4 33
6 2 4 28
8 2 4 43
8 2 5 28
4 2 4 31
7 2 8 28
2 2 4 44
6 2 4 26
1 2 4 16
6 2 3 91
8 2 6 83
7 2 7 16
7 2 6 82
5 2 6 16
1 2 8 70
2 2 7 15
3 2 6 16
2 2 3 81
5 2 8 81
3 2 3 70
2 2 12 45
8 2 11 45
1 2 16 13
6 2 3 67
3 2 3 66
6 3 4 67
4 4 6 67
8 3 3 69
2 2 3 42
3 2 5 68
8 2 3 21
5 3 3 20
5 2 3 36
3 2 6 35
3 3 10 35
2 2 4 36
5 3 5 35
5 2 3 44
8 2 4 44
1 3 2 45
7 4 3 43
8 2 3 48
5 2 5 45
8 2 5 46
5 2 4 69
4 2 6 21
3 2 4 46
4 2 4 35
1 2 3 63
6 2 3 61
6 2 3 50
1 2 3 22
8 2 12 68
7 2 3 7
1 2 2 70
8 3 1 70
7 2 3 34
2 2 2 60
4 2 2 75
8 2 4 74
6 3 4 75
3 4 3 74
2 2 7 77
5 2 6 79
3 2 2 71
7 2 3 19
3 2 2 32
6 4 1 32
4 2 28 96
3 2 2 56
5 2 3 27
5 2 2 16
4 3 2 17
8 2 27 1
5 2 8 57
2 3 7 58
1 2 21 18
4 2 2 64
4 2 4 16
3 2 2 43
8 2 5 23
6 2 2 40
2 2 3 14
5 2 4 13
1 2 3 14
6 2 6 13
7 4 5 13
5 2 28 1
4 2 2 71
2 2 3 72
8 2 4 71
4 3 5 70
4 2 19 67
8 2 2 77
4 2 1 58
5 3 1 58
4 2 1 80
7 2 14 67
4 2 4 13
5 2 29 96
8 2 2 59
1 3 1 60
6 2 7 35
6 2 6 45
7 2 1 32
4 2 8 35
6 2 8 36
6 2 8 6
7 2 6 35
5 2 7 12
2 2 5 78
5 2 6 34
3 2 3 14
4 2 2 80
7 2 1 80
2 3 2 80
7 2 2 77
3 2 2 33
6 2 2 31
3 2 1 78
1 2 2 76
6 2 1 68
4 2 1 35
4 2 1 94
6 2 5 36
1 4 4 36
2 2 3 75
4 3 3 36
8 2 1 69
7 2 7 82
1 2 6 82
3 2 2 76
7 2 1 65
6 2 5 75
1 2 4 76
5 2 10 74
7 2 4 75
3 2 1 81
8 2 3 75
3 2 4 69
2 2 5 74
5 2 3 75
7 2 3 75
